url=Cincinnati_1.0.3/ZZZ/XXX/YYY.png
minzoom=13
maxzoom=13
center=-84.473421 39.112186
type=tms
